header:
  seq: 999
  stamp:
    secs: 1621579431
    nsecs: 924811809
  frame_id: base_link
status:
  status: 0
  service: 1
latitude: 22.301575393
longitude: 114.190305193
altitude: 5.4704
position_covariance: [3.9561210000000004, 0.0, 0.0, 0.0, 3.9561210000000004, 0.0, 0.0, 0.0, 7.650756]
position_covariance_type: 2
